1.510000000000000000e+02 1.310000000000000000e+02 1.200000000000000000e+02
5.400000000000000000e+01 3.100000000000000000e+01 1.800000000000000000e+01
1.740000000000000000e+02 1.640000000000000000e+02 1.590000000000000000e+02
7.300000000000000000e+01 1.070000000000000000e+02 8.100000000000000000e+01
6.500000000000000000e+01 9.200000000000000000e+01 6.600000000000000000e+01
8.300000000000000000e+01 7.400000000000000000e+01 6.500000000000000000e+01
1.160000000000000000e+02 1.020000000000000000e+02 9.600000000000000000e+01
7.100000000000000000e+01 4.800000000000000000e+01 3.800000000000000000e+01
9.800000000000000000e+01 8.100000000000000000e+01 7.600000000000000000e+01
6.100000000000000000e+01 7.700000000000000000e+01 5.100000000000000000e+01
8.400000000000000000e+01 1.260000000000000000e+02 9.800000000000000000e+01
1.930000000000000000e+02 1.880000000000000000e+02 1.840000000000000000e+02
4.800000000000000000e+01 6.000000000000000000e+01 3.500000000000000000e+01
2.040000000000000000e+02 2.010000000000000000e+02 1.980000000000000000e+02
2.220000000000000000e+02 2.150000000000000000e+02 2.090000000000000000e+02
2.380000000000000000e+02 2.310000000000000000e+02 2.220000000000000000e+02
2.500000000000000000e+02 2.490000000000000000e+02 2.370000000000000000e+02
1.300000000000000000e+02 1.340000000000000000e+02 1.650000000000000000e+02
1.660000000000000000e+02 1.840000000000000000e+02 1.970000000000000000e+02
1.330000000000000000e+02 1.710000000000000000e+02 1.510000000000000000e+02
1.660000000000000000e+02 1.860000000000000000e+02 1.350000000000000000e+02
